valeur optimale : 15332.56
######## x :
-0.0
-0.0
-0.0
-0.0
-0.0
-0.0
-0.0
-0.0
-0.0
-0.0
-0.0
-0.0
0.0
-0.0
-0.0
-0.0
-0.0
-0.0
-0.0
-0.0
0.0
-0.0
0.0
-0.0
0.0
0.0
1.0
-0.0
-0.0
0.0
-0.0
-0.0
-0.0
-0.0
-0.0
-0.0
1.0
-0.0
-0.0
-0.0
-0.0
-0.0
0.0
-0.0
-0.0
-0.0
0.0
-0.0
-0.0
-0.0
-0.0
-0.0
0.0
-0.0
-0.0
-0.0
0.0
-0.0
-0.0
-0.0
-0.0
0.0
-0.0
-0.0
-0.0
-0.0
-0.0
-0.0
-0.0
-0.0
-0.0
-0.0
-0.0
-0.0
-0.0
-0.0
0.0
-0.0
-0.0
-0.0
-0.0
-0.0
-0.0
-0.0
-0.0
-0.0
0.0
-0.0
-0.0
-0.0
-0.0
1.0
-0.0
-0.0
-0.0
-0.0
-0.0
-0.0
-0.0
-0.0
-0.0
-0.0
-0.0
-0.0
-0.0
-0.0
-0.0
1.0
-0.0
0.0
-0.0
-0.0
-0.0
-0.0
-0.0
-0.0
-0.0
-0.0
-0.0
-0.0
0.0
-0.0
-0.0
-0.0
-0.0
-0.0
-0.0
-0.0
-0.0
-0.0
0.0
-0.0
-0.0
-0.0
-0.0
-0.0
-0.0
-0.0
-0.0
-0.0
0.0
-0.0
######## y :
0.0
0.0
0.0
1.0
1.0
0.0
0.0
0.0
0.0
0.0
0.0
0.0
1.0
0.0
1.0
0.0
1.0
0.0
0.0
0.0
